(
L1PA2:0.00157,
L1HS:0.00941,
L1PA3:0.00549);